{
  "distance_matrix": [
    [
      0,
      409,
      824,
      1194,
      1481,
      1227,
      762,
      868,
      138,
      1058,
      1125,
      524,
      314,
      771,
      663,
      742,
      1350
    ],
    [
      409,
      0,
      1352,
      343,
      672,
      1411,
      1205,
      637,
      1319,
      545,
      804,
      1308,
      1363,
      917,
      631,
      162,
      788
    ],
    [
      824,
      1352,
      0,
      1338,
      198,
      1159,
      490,
      1043,
      1197,
      205,
      1067,
      1081,
      1396,
      1052,
      1286,
      412,
      1418
    ],
    [
      1194,
      343,
      1338,
      0,
      1470,
      474,
      411,
      874,
      1047,
      411,
      1186,
      1436,
      561,
      1141,
      892,
      381,
      400
    ],
    [
      1481,
      672,
      198,
      1470,
      0,
      1297,
      315,
      1023,
      972,
      1013,
      653,
      859,
      199,
      723,
      1148,
      873,
      753
    ],
    [
      1227,
      1411,
      1159,
      474,
      1297,
      0,
      1207,
      1185,
      811,
      1185,
      628,
      225,
      1241,
      1393,
      622,
      1467,
      588
    ],
    [
      762,
      1205,
      490,
      411,
      315,
      1207,
      0,
      139,
      1449,
      869,
      802,
      1100,
      1156,
      1499,
      410,
      1466,
      720
    ],
    [
      868,
      637,
      1043,
      874,
      1023,
      1185,
      139,
      0,
      1180,
      490,
      1476,
      471,
      198,
      1479,
      1154,
      238,
      1375
    ],
    [
      138,
      1319,
      1197,
      1047,
      972,
      811,
      1449,
      1180,
      0,
      725,
      1440,
      129,
      1379,
      144,
      142,
      1127,
      732
    ],
    [
      1058,
      545,
      205,
      411,
      1013,
      1185,
      869,
      490,
      725,
      0,
      122,
      148,
      262,
      309,
      1220,
      1038,
      546
    ],
    [
      1125,
      804,
      1067,
      1186,
      653,
      628,
      802,
      1476,
      1440,
      122,
      0,
      1398,
      1421,
      1394,
      356,
      1067,
      478
    ],
    [
      524,
      1308,
      1081,
      1436,
      859,
      225,
      1100,
      471,
      129,
      148,
      1398,
      0,
      237,
      410,
      247,
      642,
      483
    ],
    [
      314,
      1363,
      1396,
      561,
      199,
      1241,
      1156,
      198,
      1379,
      262,
      1421,
      237,
      0,
      1179,
      274,
      763,
      1339
    ],
    [
      771,
      917,
      1052,
      1141,
      723,
      1393,
      1499,
      1479,
      144,
      309,
      1394,
      410,
      1179,
      0,
      276,
      605,
      950
    ],
    [
      663,
      631,
      1286,
      892,
      1148,
      622,
      410,
      1154,
      142,
      1220,
      356,
      247,
      274,
      276,
      0,
      538,
      732
    ],
    [
      742,
      162,
      412,
      381,
      873,
      1467,
      1466,
      238,
      1127,
      1038,
      1067,
      642,
      763,
      605,
      538,
      0,
      988
    ],
    [
      1350,
      788,
      1418,
      400,
      753,
      588,
      720,
      1375,
      732,
      546,
      478,
      483,
      1339,
      950,
      732,
      988,
      0
    ]
  ],
  "num_vehicles": 9,
  "depot": 0
}
