{
  "distance_matrix": [
    [
      0,
      352,
      681,
      352,
      1489,
      1085,
      1270,
      707,
      697,
      174,
      187,
      292,
      412,
      135,
      1372,
      151,
      705
    ],
    [
      352,
      0,
      1204,
      181,
      223,
      238,
      1408,
      297,
      355,
      526,
      1128,
      849,
      1474,
      836,
      909,
      524,
      314
    ],
    [
      681,
      1204,
      0,
      364,
      1489,
      971,
      1084,
      427,
      1296,
      301,
      311,
      1061,
      1288,
      596,
      1320,
      1432,
      152
    ],
    [
      352,
      181,
      364,
      0,
      713,
      629,
      377,
      1413,
      1473,
      1300,
      1214,
      295,
      637,
      666,
      203,
      1113,
      1311
    ],
    [
      1489,
      223,
      1489,
      713,
      0,
      699,
      1390,
      1354,
      1301,
      183,
      460,
      1271,
      575,
      319,
      1256,
      1278,
      603
    ],
    [
      1085,
      238,
      971,
      629,
      699,
      0,
      1368,
      1046,
      1253,
      1334,
      1231,
      1285,
      208,
      662,
      639,
      1419,
      697
    ],
    [
      1270,
      1408,
      1084,
      377,
      1390,
      1368,
      0,
      1093,
      680,
      1293,
      915,
      1223,
      108,
      943,
      1289,
      153,
      371
    ],
    [
      707,
      297,
      427,
      1413,
      1354,
      1046,
      1093,
      0,
      389,
      831,
      160,
      1435,
      220,
      1007,
      122,
      585,
      1222
    ],
    [
      697,
      355,
      1296,
      1473,
      1301,
      1253,
      680,
      389,
      0,
      114,
      389,
      234,
      236,
      242,
      845,
      1194,
      1181
    ],
    [
      174,
      526,
      301,
      1300,
      183,
      1334,
      1293,
      831,
      114,
      0,
      1324,
      1323,
      484,
      815,
      658,
      488,
      426
    ],
    [
      187,
      1128,
      311,
      1214,
      460,
      1231,
      915,
      160,
      389,
      1324,
      0,
      507,
      137,
      919,
      1131,
      974,
      1099
    ],
    [
      292,
      849,
      1061,
      295,
      1271,
      1285,
      1223,
      1435,
      234,
      1323,
      507,
      0,
      1387,
      1103,
      517,
      348,
      146
    ],
    [
      412,
      1474,
      1288,
      637,
      575,
      208,
      108,
      220,
      236,
      484,
      137,
      1387,
      0,
      1445,
      528,
      995,
      610
    ],
    [
      135,
      836,
      596,
      666,
      319,
      662,
      943,
      1007,
      242,
      815,
      919,
      1103,
      1445,
      0,
      884,
      161,
      713
    ],
    [
      1372,
      909,
      1320,
      203,
      1256,
      639,
      1289,
      122,
      845,
      658,
      1131,
      517,
      528,
      884,
      0,
      654,
      221
    ],
    [
      151,
      524,
      1432,
      1113,
      1278,
      1419,
      153,
      585,
      1194,
      488,
      974,
      348,
      995,
      161,
      654,
      0,
      246
    ],
    [
      705,
      314,
      152,
      1311,
      603,
      697,
      371,
      1222,
      1181,
      426,
      1099,
      146,
      610,
      713,
      221,
      246,
      0
    ]
  ],
  "num_vehicles": 9,
  "depot": 0
}