{
  "distance_matrix": [
    [
      0,
      207,
      405,
      1039,
      764,
      1196,
      638,
      1086,
      1187,
      1274,
      867,
      1484,
      334,
      1392,
      616,
      727,
      118,
      225,
      762,
      358
    ],
    [
      207,
      0,
      1158,
      1361,
      907,
      559,
      1270,
      719,
      1019,
      1395,
      385,
      1484,
      1302,
      1257,
      705,
      729,
      864,
      1235,
      1283,
      1001
    ],
    [
      405,
      1158,
      0,
      319,
      1214,
      1191,
      1478,
      318,
      725,
      458,
      100,
      966,
      766,
      1257,
      1448,
      1174,
      781,
      415,
      996,
      209
    ],
    [
      1039,
      1361,
      319,
      0,
      548,
      1177,
      1015,
      892,
      640,
      168,
      1270,
      1359,
      979,
      1050,
      1344,
      1291,
      507,
      1087,
      597,
      662
    ],
    [
      764,
      907,
      1214,
      548,
      0,
      1237,
      823,
      200,
      264,
      1029,
      1129,
      938,
      809,
      302,
      1055,
      247,
      1436,
      1173,
      1296,
      165
    ],
    [
      1196,
      559,
      1191,
      1177,
      1237,
      0,
      1288,
      369,
      1020,
      155,
      1249,
      224,
      1333,
      377,
      1499,
      306,
      1087,
      238,
      1099,
      102
    ],
    [
      638,
      1270,
      1478,
      1015,
      823,
      1288,
      0,
      598,
      1240,
      415,
      743,
      1030,
      1205,
      885,
      1116,
      1192,
      616,
      843,
      604,
      421
    ],
    [
      1086,
      719,
      318,
      892,
      200,
      369,
      598,
      0,
      1041,
      440,
      254,
      1472,
      1093,
      492,
      1256,
      738,
      1394,
      135,
      1426,
      1405
    ],
    [
      1187,
      1019,
      725,
      640,
      264,
      1020,
      1240,
      1041,
      0,
      803,
      236,
      324,
      795,
      1346,
      1338,
      1392,
      766,
      193,
      384,
      262
    ],
    [
      1274,
      1395,
      458,
      168,
      1029,
      155,
      415,
      440,
      803,
      0,
      1335,
      1341,
      399,
      1248,
      619,
      1021,
      1354,
      1133,
      728,
      936
    ],
    [
      867,
      385,
      100,
      1270,
      1129,
      1249,
      743,
      254,
      236,
      1335,
      0,
      165,
      829,
      1491,
      779,
      590,
      313,
      902,
      468,
      1112
    ],
    [
      1484,
      1484,
      966,
      1359,
      938,
      224,
      1030,
      1472,
      324,
      1341,
      165,
      0,
      1426,
      882,
      1474,
      422,
      1182,
      354,
      1406,
      665
    ],
    [
      334,
      1302,
      766,
      979,
      809,
      1333,
      1205,
      1093,
      795,
      399,
      829,
      1426,
      0,
      1129,
      906,
      411,
      730,
      552,
      929,
      656
    ],
    [
      1392,
      1257,
      1257,
      1050,
      302,
      377,
      885,
      492,
      1346,
      1248,
      1491,
      882,
      1129,
      0,
      1134,
      644,
      818,
      925,
      708,
      662
    ],
    [
      616,
      705,
      1448,
      1344,
      1055,
      1499,
      1116,
      1256,
      1338,
      619,
      779,
      1474,
      906,
      1134,
      0,
      333,
      845,
      134,
      772,
      1075
    ],
    [
      727,
      729,
      1174,
      1291,
      247,
      306,
      1192,
      738,
      1392,
      1021,
      590,
      422,
      411,
      644,
      333,
      0,
      750,
      459,
      1162,
      233
    ],
    [
      118,
      864,
      781,
      507,
      1436,
      1087,
      616,
      1394,
      766,
      1354,
      313,
      1182,
      730,
      818,
      845,
      750,
      0,
      410,
      417,
      1024
    ],
    [
      225,
      1235,
      415,
      1087,
      1173,
      238,
      843,
      135,
      193,
      1133,
      902,
      354,
      552,
      925,
      134,
      459,
      410,
      0,
      1152,
      552
    ],
    [
      762,
      1283,
      996,
      597,
      1296,
      1099,
      604,
      1426,
      384,
      728,
      468,
      1406,
      929,
      708,
      772,
      1162,
      417,
      1152,
      0,
      647
    ],
    [
      358,
      1001,
      209,
      662,
      165,
      102,
      421,
      1405,
      262,
      936,
      1112,
      665,
      656,
      662,
      1075,
      233,
      1024,
      552,
      647,
      0
    ]
  ],
  "num_vehicles": 10,
  "depot": 0
}