{
  "distance_matrix": [
    [
      0,
      831,
      1129,
      614,
      1356,
      783,
      908,
      980,
      298,
      1295,
      1349,
      981,
      1398,
      1109,
      584
    ],
    [
      831,
      0,
      265,
      1077,
      122,
      1192,
      854,
      620,
      1132,
      838,
      714,
      149,
      1459,
      1443,
      1330
    ],
    [
      1129,
      265,
      0,
      283,
      903,
      222,
      913,
      1246,
      381,
      326,
      1037,
      1241,
      1096,
      1489,
      252
    ],
    [
      614,
      1077,
      283,
      0,
      1428,
      547,
      256,
      1056,
      655,
      135,
      606,
      1464,
      1279,
      757,
      196
    ],
    [
      1356,
      122,
      903,
      1428,
      0,
      347,
      339,
      886,
      380,
      997,
      1294,
      272,
      916,
      1276,
      102
    ],
    [
      783,
      1192,
      222,
      547,
      347,
      0,
      1073,
      367,
      529,
      1151,
      271,
      197,
      1152,
      437,
      565
    ],
    [
      908,
      854,
      913,
      256,
      339,
      1073,
      0,
      493,
      1241,
      1485,
      429,
      1342,
      611,
      922,
      1214
    ],
    [
      980,
      620,
      1246,
      1056,
      886,
      367,
      493,
      0,
      1191,
      1035,
      1293,
      724,
      1075,
      555,
      195
    ],
    [
      298,
      1132,
      381,
      655,
      380,
      529,
      1241,
      1191,
      0,
      1259,
      1319,
      1101,
      148,
      1351,
      882
    ],
    [
      1295,
      838,
      326,
      135,
      997,
      1151,
      1485,
      1035,
      1259,
      0,
      1495,
      842,
      766,
      176,
      1211
    ],
    [
      1349,
      714,
      1037,
      606,
      1294,
      271,
      429,
      1293,
      1319,
      1495,
      0,
      485,
      931,
      1257,
      112
    ],
    [
      981,
      149,
      1241,
      1464,
      272,
      197,
      1342,
      724,
      1101,
      842,
      485,
      0,
      899,
      846,
      1302
    ],
    [
      1398,
      1459,
      1096,
      1279,
      916,
      1152,
      611,
      1075,
      148,
      766,
      931,
      899,
      0,
      1059,
      516
    ],
    [
      1109,
      1443,
      1489,
      757,
      1276,
      437,
      922,
      555,
      1351,
      176,
      1257,
      846,
      1059,
      0,
      1308
    ],
    [
      584,
      1330,
      252,
      196,
      102,
      565,
      1214,
      195,
      882,
      1211,
      112,
      1302,
      516,
      1308,
      0
    ]
  ],
  "num_vehicles": 10,
  "depot": 0
}