{
  "distance_matrix": [
    [
      0,
      1265,
      723,
      213,
      1207,
      882,
      1242,
      159,
      100,
      1196,
      725,
      1116,
      773,
      323,
      1044,
      1375,
      1191,
      704
    ],
    [
      1265,
      0,
      265,
      630,
      361,
      983,
      767,
      167,
      333,
      1244,
      1143,
      106,
      911,
      1203,
      731,
      1158,
      1324,
      482
    ],
    [
      723,
      265,
      0,
      648,
      1037,
      1094,
      238,
      677,
      328,
      761,
      858,
      1173,
      901,
      754,
      199,
      291,
      884,
      1445
    ],
    [
      213,
      630,
      648,
      0,
      585,
      221,
      650,
      507,
      1236,
      441,
      167,
      642,
      1237,
      996,
      330,
      1018,
      1365,
      941
    ],
    [
      1207,
      361,
      1037,
      585,
      0,
      257,
      296,
      953,
      399,
      1011,
      1365,
      710,
      1039,
      1247,
      224,
      1021,
      1387,
      575
    ],
    [
      882,
      983,
      1094,
      221,
      257,
      0,
      207,
      706,
      1196,
      1308,
      272,
      167,
      425,
      502,
      1059,
      1399,
      1271,
      551
    ],
    [
      1242,
      767,
      238,
      650,
      296,
      207,
      0,
      761,
      801,
      373,
      1160,
      961,
      911,
      1461,
      292,
      351,
      1223,
      897
    ],
    [
      159,
      167,
      677,
      507,
      953,
      706,
      761,
      0,
      269,
      227,
      131,
      1427,
      1150,
      497,
      674,
      1027,
      428,
      222
    ],
    [
      100,
      333,
      328,
      1236,
      399,
      1196,
      801,
      269,
      0,
      919,
      1345,
      1469,
      1300,
      195,
      638,
      495,
      390,
      1148
    ],
    [
      1196,
      1244,
      761,
      441,
      1011,
      1308,
      373,
      227,
      919,
      0,
      542,
      250,
      439,
      198,
      515,
      1389,
      1485,
      832
    ],
    [
      725,
      1143,
      858,
      167,
      1365,
      272,
      1160,
      131,
      1345,
      542,
      0,
      1068,
      937,
      154,
      1400,
      802,
      399,
      1011
    ],
    [
      1116,
      106,
      1173,
      642,
      710,
      167,
      961,
      1427,
      1469,
      250,
      1068,
      0,
      224,
      225,
      877,
      774,
      958,
      1339
    ],
    [
      773,
      911,
      901,
      1237,
      1039,
      425,
      911,
      1150,
      1300,
      439,
      937,
      224,
      0,
      573,
      1156,
      223,
      128,
      429
    ],
    [
      323,
      1203,
      754,
      996,
      1247,
      502,
      1461,
      497,
      195,
      198,
      154,
      225,
      573,
      0,
      391,
      906,
      391,
      1450
    ],
    [
      1044,
      731,
      199,
      330,
      224,
      1059,
      292,
      674,
      638,
      515,
      1400,
      877,
      1156,
      391,
      0,
      1255,
      1442,
      885
    ],
    [
      1375,
      1158,
      291,
      1018,
      1021,
      1399,
      351,
      1027,
      495,
      1389,
      802,
      774,
      223,
      906,
      1255,
      0,
      587,
      1440
    ],
    [
      1191,
      1324,
      884,
      1365,
      1387,
      1271,
      1223,
      428,
      390,
      1485,
      399,
      958,
      128,
      391,
      1442,
      587,
      0,
      847
    ],
    [
      704,
      482,
      1445,
      941,
      575,
      551,
      897,
      222,
      1148,
      832,
      1011,
      1339,
      429,
      1450,
      885,
      1440,
      847,
      0
    ]
  ],
  "num_vehicles": 6,
  "depot": 0
}