{
  "distance_matrix": [
    [
      0,
      1191,
      561,
      1143,
      419,
      1480,
      1177,
      122,
      299,
      565,
      466,
      1395,
      531,
      855,
      1085,
      1171,
      1131
    ],
    [
      1191,
      0,
      829,
      395,
      1376,
      618,
      902,
      1061,
      697,
      343,
      291,
      400,
      1011,
      1287,
      823,
      1439,
      814
    ],
    [
      561,
      829,
      0,
      994,
      1376,
      894,
      1210,
      1054,
      321,
      856,
      1343,
      706,
      1433,
      1073,
      1251,
      1378,
      283
    ],
    [
      1143,
      395,
      994,
      0,
      1303,
      616,
      1320,
      329,
      685,
      1355,
      478,
      489,
      329,
      1156,
      482,
      1108,
      459
    ],
    [
      419,
      1376,
      1376,
      1303,
      0,
      550,
      1044,
      1180,
      345,
      1242,
      890,
      533,
      300,
      201,
      638,
      1123,
      364
    ],
    [
      1480,
      618,
      894,
      616,
      550,
      0,
      807,
      1363,
      1455,
      513,
      742,
      968,
      648,
      662,
      1370,
      1008,
      923
    ],
    [
      1177,
      902,
      1210,
      1320,
      1044,
      807,
      0,
      486,
      1062,
      142,
      673,
      1280,
      1402,
      1309,
      645,
      1310,
      1154
    ],
    [
      122,
      1061,
      1054,
      329,
      1180,
      1363,
      486,
      0,
      697,
      128,
      1118,
      1000,
      223,
      1346,
      616,
      730,
      804
    ],
    [
      299,
      697,
      321,
      685,
      345,
      1455,
      1062,
      697,
      0,
      358,
      632,
      1252,
      104,
      1105,
      1201,
      1360,
      1040
    ],
    [
      565,
      343,
      856,
      1355,
      1242,
      513,
      142,
      128,
      358,
      0,
      890,
      1203,
      1043,
      934,
      701,
      777,
      272
    ],
    [
      466,
      291,
      1343,
      478,
      890,
      742,
      673,
      1118,
      632,
      890,
      0,
      660,
      815,
      1050,
      1312,
      874,
      1136
    ],
    [
      1395,
      400,
      706,
      489,
      533,
      968,
      1280,
      1000,
      1252,
      1203,
      660,
      0,
      1304,
      1173,
      1119,
      798,
      885
    ],
    [
      531,
      1011,
      1433,
      329,
      300,
      648,
      1402,
      223,
      104,
      1043,
      815,
      1304,
      0,
      725,
      238,
      328,
      317
    ],
    [
      855,
      1287,
      1073,
      1156,
      201,
      662,
      1309,
      1346,
      1105,
      934,
      1050,
      1173,
      725,
      0,
      1117,
      621,
      1177
    ],
    [
      1085,
      823,
      1251,
      482,
      638,
      1370,
      645,
      616,
      1201,
      701,
      1312,
      1119,
      238,
      1117,
      0,
      1118,
      1481
    ],
    [
      1171,
      1439,
      1378,
      1108,
      1123,
      1008,
      1310,
      730,
      1360,
      777,
      874,
      798,
      328,
      621,
      1118,
      0,
      919
    ],
    [
      1131,
      814,
      283,
      459,
      364,
      923,
      1154,
      804,
      1040,
      272,
      1136,
      885,
      317,
      1177,
      1481,
      919,
      0
    ]
  ],
  "num_vehicles": 7,
  "depot": 0
}